lastAccountName: KXXZ_10
timestamps:
  login: 1615610206040
  logout: 1615610262396
ipAddress: 73.76.86.31
logoutlocation:
  world: mp-world
  x: 32.74592511643562
  y: 68.0
  z: 52.840549081028946
  yaw: -1.9443375
  pitch: 39.30018
