lastAccountName: KoalaThings
timestamps:
  login: 1611701152384
  logout: 1611622314764
  lastteleport: 1611702083011
ipAddress: 73.32.126.125
logoutlocation:
  world: mp-world
  x: 32.94726951354191
  y: 65.0
  z: 74.5687652137565
  yaw: -12.062405
  pitch: 10.276249
lastlocation:
  world: mp-world
  x: 21.5
  y: 70.02159847259522
  z: -25.5
  yaw: -6.939812
  pitch: 8.140933
