lastAccountName: TheRealShadows
timestamps:
  login: 1610484065372
  logout: 1610490022495
ipAddress: 64.224.81.127
lastlocation:
  world: mp-world
  x: 57.43825020047406
  y: 39.0
  z: 164.14324660166233
  yaw: 17.551361
  pitch: 70.7999
logoutlocation:
  world: mp-world
  x: 165.5
  y: 69.0
  z: 246.5
  yaw: 155.85016
  pitch: 13.649994
