lastAccountName: arronph2000
timestamps:
  login: 1615183090090
  logout: 1615183097809
ipAddress: 73.153.207.125
logoutlocation:
  world: mp-world
  x: 22.5
  y: 71.0
  z: -27.5
  yaw: 233.44984
  pitch: 18.599995
