lastAccountName: goat_fish_gamer
timestamps:
  login: 1615150996069
  lastteleport: 1615085318156
  logout: 1615151784628
ipAddress: 73.76.86.31
lastlocation:
  world: mp-world
  x: 567.0457304438576
  y: 67.0
  z: 201.82955611864693
  yaw: -25.350998
  pitch: 31.199638
logoutlocation:
  world: mp-world
  x: 558.5103330327339
  y: 76.0
  z: 217.32605967851208
  yaw: 215.56262
  pitch: 40.649036
